[gd_scene load_steps=11 format=2]

[ext_resource path="res://Entities/player/Player.tscn" type="PackedScene" id=1]
[ext_resource path="res://Entities/collectables/Key.tscn" type="PackedScene" id=2]
[ext_resource path="res://Levels/Map.tscn" type="PackedScene" id=3]
[ext_resource path="res://Entities/other/Door.tscn" type="PackedScene" id=4]
[ext_resource path="res://Entities/collectables/Coins.tscn" type="PackedScene" id=6]

[sub_resource type="ProceduralSky" id=1]
sky_top_color = Color( 0.196078, 0.14902, 0.027451, 1 )
sky_horizon_color = Color( 0.196078, 0.14902, 0.027451, 1 )
ground_bottom_color = Color( 0.196078, 0.14902, 0.027451, 1 )
ground_horizon_color = Color( 0.196078, 0.14902, 0.027451, 1 )
ground_energy = 0.95
sun_energy = 0.0

[sub_resource type="Environment" id=2]
background_mode = 2
background_sky = SubResource( 1 )

[sub_resource type="CubeMesh" id=3]
size = Vector3( 2, 5, 1 )

[sub_resource type="SpatialMaterial" id=4]
albedo_color = Color( 0, 0, 0, 1 )

[sub_resource type="BoxShape" id=5]
extents = Vector3( 1, 2.47842, 0.467807 )

[node name="Level 1" type="Spatial"]

[node name="Player" parent="." instance=ExtResource( 1 )]
transform = Transform( 0.565685, 0, 0.565685, 0, 0.8, 0, -0.565685, 0, 0.565685, -2.70302, 2.19796, -0.832386 )

[node name="Map" parent="." instance=ExtResource( 3 )]

[node name="WorldEnvironment" type="WorldEnvironment" parent="."]
environment = SubResource( 2 )

[node name="DirectionalLight" type="DirectionalLight" parent="."]
transform = Transform( 0.855333, -0.456931, 0.24417, 0.247182, 0.774123, 0.582781, -0.455309, -0.438118, 0.775079, 0, 12.6457, -1.43183 )
light_color = Color( 1, 0.992157, 0.917647, 1 )
light_indirect_energy = 0.85
light_specular = 0.53
shadow_enabled = true
shadow_color = Color( 0.380392, 0.380392, 0.380392, 1 )
shadow_contact = 3.78
directional_shadow_mode = 0

[node name="LevelEnd" type="MeshInstance" parent="."]
transform = Transform( 1, 0, 0, 0, 1, 0, 0, 0, 1, 27.4789, 0.907353, -65.9831 )
mesh = SubResource( 3 )
material/0 = SubResource( 4 )

[node name="LevelEnd" type="Area" parent="LevelEnd"]

[node name="CollisionShape" type="CollisionShape" parent="LevelEnd/LevelEnd"]
shape = SubResource( 5 )

[node name="CoinPile" parent="." instance=ExtResource( 6 )]
transform = Transform( 1, 0, 0, 0, 1, 0, 0, 0, 1, -7.14217, 1.25348, -2.5896 )

[node name="Key" parent="." instance=ExtResource( 2 )]
transform = Transform( 0.549229, -0.237143, -0.801318, 0.30235, 0.95032, -0.0740061, 0.779058, -0.201633, 0.593643, 27.7917, 2.00814, -9.34512 )

[node name="Key2" parent="." instance=ExtResource( 2 )]
transform = Transform( 0.549229, -0.237143, -0.801318, 0.30235, 0.95032, -0.0740061, 0.779058, -0.201633, 0.593643, -9.18801, 2.00814, 3.1624 )

[node name="Door" parent="." instance=ExtResource( 4 )]
transform = Transform( 1, 0, 0, 0, 1, 0, 0, 0, 1, -7.56005, 1.14573, -12.4964 )

[connection signal="body_entered" from="LevelEnd/LevelEnd" to="Player" method="_on_LevelEnd_body_entered"]
